156.1
317
349
490
177
469
160
388
121
82
0.2
.3
6
392
126
286
428
396
467
236
307
224
244
41
246
24
59
242
216
0.01
152
207
376
318
102
331
478
471
297
96
35
205
0.5
193
370
366
192
282
174
87
98
394
50
432
119
475
425
343
493
25
26
125
62
228
459
403
21
147
362
273
391
408
270
153
54
211
330
186
176
223
395
213
52
355
16
165
201
200
477
15
7
423
68
196
46
261
492
181
384
422
483
49
171
465
418
334
446
381
212
129
379
91
433
43
0.992492499249
20
14
495
353
243
498
289
437
454
359
480
397
309
497
412
31
252.1
352
117
351
473
336
421.99
442
99
267.00
34
40
148
373
142
259
358
482
247
88
295
455
64
81
85
250
194
48.05
11
131
0.0003
278
168
57
354
436
120
325
378
162
45
61
456
13
23
75
476
255
416
55
256
254
199
63
4
390
481
100
135
249
78
132
127
461
229
479
429
27
304
157
8
342
202
263
474
151
206
284
183
123
145
382
375
271
380
324
450
106
28
94
319
406
154
198
195
110
434
111
400
178
73
77
470
42
367
115
265
419
462
341
93
138
37
65
260
377
296
140
487
438
251
3
290
315
234
136
409
214
79
144
308
175
371
283
210
344
311
112
159
393
203
133
277
365
86
218
232
5
407
294
116
472
340
430
424
215
240
39
262
360
281
163
166
398
280
66
357
187
427
143
89
56
122
225
453
275
191
451
208
149
238
279
420
346
448
1
134
22
276
496
443
272
150
95
220
67
326
257
402
414
128
33
301
298
146
387
484
70
245
36
300
12
209
415
350
97
167
51
383
161
29
180
84
71
264
227
155
404
235
372
405
369
219
241
80
130
53
221
332
44
101
345
185
413
184
179
226
440
18
189
164
399
464
139
204
288
302
291
447
137
361
314
173
491
457
322
435
386
320
248
500
463
72
494
197
347
113
449
460
32
38
182
170
385
104
74
401
118
489
2
426
107
105
230
90
109
417
58
47
188
410
19
348
222
114
76
172
312
269
329
190
313
92
83
486
441
231
431
306
292
239
444
124
17
328
485
327
452
411
69
374
323
466
285
389
253
158
339
335
321
445
363
368
488
108
310
268
305
30
287
364
499
338.00000009
233
303
299
60
458
356
141
274
9.111
468
316
217
258
266
439
293
169.0202
337
103
237
333
10.11
